1619308524.09383
1619308524.1558611
1619308524.1702938
1619308524.17033
1619308524.1703591
1619308524.1703873
1619308524.182406
1619308524.1824896
1619308524.1940062
1619308524.1940494
1619308524.1940792
1619308524.194109
1619308524.2069807
1619308524.220344
1619308524.220382
1619308524.2204113
1619308524.2209122
1619308524.2321162
1619308524.2321563
1619308524.2427373
1619308524.2427764
1619308524.2428062
1619308524.2428348
1619308524.2428632
1619308524.2433987
1619308524.2540624
1619308524.2541118
1619308524.2668757
1619308524.2669153
1619308524.2777915
1619308524.2778323
1619308524.2778637
1619308524.2951386
1619308524.2951815
1619308524.305833
1619308524.305871
1619308524.3059008
1619308524.3175924
1619308524.3176317
1619308524.3176625
1619308524.3326752
1619308524.3327332
1619308524.3441188
1619308524.3441665
1619308524.3441956
1619308524.355644
1619308524.3556924
1619308524.3605304
1619308524.3716414
1619308524.382944
1619308524.3829818
1619308524.383011
1619308524.3830395
1619308524.396102
1619308524.3961399
1619308524.397457
1619308524.3999848
1619308524.414172
1619308524.4263794
1619308524.444299
1619308524.444815
1619308524.4558384
1619308524.4676137
1619308524.467655
1619308524.4676843
1619308524.4681687
1619308524.4835513
1619308524.4835906
1619308524.4836204
1619308524.4946804
1619308524.494724
1619308524.4952114
1619308524.511145
1619308524.5111942
1619308524.5120637
1619308524.5293908
1619308524.531649
1619308524.5431843
1619308524.543227
1619308524.5589623
1619308524.5590043
1619308524.5594769
1619308524.5705903
1619308524.5706294
1619308524.5706592
1619308524.5850363
1619308524.585079
1619308524.5851083
1619308524.5851374
1619308524.5957317
1619308524.5957742
1619308524.6112058
1619308524.6112523
1619308524.6112833
1619308524.6119459
1619308524.622572
1619308524.6253872
1619308524.636871
1619308524.6526186
1619308524.6526604
1619308524.6638944
1619308524.6639323
1619308524.663961
1619308524.6639888
1619308524.6746707
1619308524.6747072
1619308524.674736
1619308524.6869729
1619308524.6870103
1619308524.68704
1619308524.6977892
1619308524.6978278
1619308524.7121367
1619308524.7121782
1619308524.723164
1619308524.7232013
1619308524.7287357
1619308524.7405198
1619308524.7409954
1619308524.751839
1619308524.7518775
1619308524.7553036
1619308524.766208
1619308524.766246
1619308524.766276
1619308524.7769897
1619308524.7770312
1619308524.7804213
1619308524.7910864
1619308524.791128
1619308524.8016388
1619308524.8016772
1619308524.8017068
1619308524.811021
1619308524.823154
1619308524.8232036
1619308524.8373184
1619308524.838103
1619308524.8518422
1619308524.8518686
1619308524.8523483
1619308524.8638346
1619308524.8638582
1619308524.87118
1619308524.8821626
1619308524.8821878
1619308524.8822033
1619308524.8826232
1619308524.8941913
1619308524.8942184
1619308524.9122248
1619308524.9122515
1619308524.9128165
1619308524.9282544
1619308524.9306335
1619308524.941637
1619308524.9526684
1619308524.952695
1619308524.9531746
1619308524.9704547
1619308524.9705908
1619308524.9812753
1619308524.9816532
1619308524.9949481
1619308524.9949725
1619308524.9949884
1619308525.012175
1619308525.0121977
1619308525.0122132
1619308525.0230904
1619308525.0253494
1619308525.0405872
1619308525.0518396
1619308525.051862
1619308525.0630798
1619308525.0636473
1619308525.074408
1619308525.0744326
1619308525.0857081
1619308525.0857327
1619308525.085748
1619308525.0998561
1619308525.0998816
1619308525.0998971
1619308525.0999122
1619308525.1140754
1619308525.1146355
1619308525.126921
1619308525.1279109
1619308525.138677
1619308525.1386988
1619308525.1499774
1619308525.1499994
1619308525.1500144
1619308525.1675315
1619308525.1675577
1619308525.1680255
1619308525.1820202
1619308525.1820815
1619308525.1820984
1619308525.1931615
1619308525.193188
1619308525.1932037
1619308525.1932185
1619308525.1932337
1619308525.2037675
1619308525.203791
1619308525.2177389
1619308525.2177765
1619308525.2204726
1619308525.2344494
1619308525.2344732
1619308525.2348187
1619308525.2459288
1619308525.245952
1619308525.2459676
1619308525.2463217
1619308525.2568097
1619308525.2568378
1619308525.256855
1619308525.256986
1619308525.2690012
1619308525.2690272
1619308525.269043
1619308525.26936
1619308525.282129
1619308525.282156
1619308525.2929296
1619308525.2929542
1619308525.2929702
1619308525.2929854
1619308525.2934752
1619308525.3041642
1619308525.3041868
1619308525.3042026
1619308525.3042173
1619308525.3042321
1619308525.3173764
1619308525.3174267
1619308525.3174434
1619308525.317459
1619308525.3207555
1619308525.338397
1619308525.3384588
1619308525.338977
1619308525.3500564
1619308525.3500807
1619308525.3500967
1619308525.3501122
1619308525.3501277
1619308525.3610454
1619308525.3610709
1619308525.3610876
1619308525.3611035
1619308525.3621106
1619308525.3737369
1619308525.37376
1619308525.3737757
1619308525.3741162
1619308525.3861187
1619308525.3861456
1619308525.3861613
1619308525.3861766
1619308525.3866322
1619308525.3981297
1619308525.3981552
1619308525.3981712
1619308525.3981857
1619308525.3982005
1619308525.3982217
1619308525.4096014
1619308525.409627
1619308525.4096425
1619308525.4096873
1619308525.4198272
1619308525.4198506
1619308525.4198656
1619308525.4198806
1619308525.430078
1619308525.430104
1619308525.4301198
1619308525.4301345
1619308525.4301493
1619308525.4407377
1619308525.4407601
1619308525.4407759
1619308525.4407911
1619308525.4408057
1619308525.4510431
1619308525.451067
1619308525.4510822
1619308525.4510975
1619308525.4511123
1619308525.4619722
1619308525.4619951
1619308525.4620106
1619308525.46203
1619308525.4620583
1619308525.46208
1619308525.4731112
1619308525.4731338
1619308525.4731503
1619308525.473165
1619308525.4731798
1619308525.4837198
1619308525.4837422
1619308525.4837573
1619308525.4837723
1619308525.483787
1619308525.4953794
1619308525.4954062
1619308525.495422
1619308525.495437
1619308525.4954515
1619308525.4991417
1619308525.5097942
1619308525.5098197
1619308525.5098357
1619308525.5098512
1619308525.5098677
1619308525.5229433
1619308525.5230033
1619308525.52302
1619308525.5340116
1619308525.5340354
1619308525.5340514
1619308525.5340667
1619308525.544949
1619308525.5449753
1619308525.5693033
1619308525.5829298
1619308525.5829551
1619308525.5833595
1619308525.600326
1619308525.600356
1619308525.6011875
1619308525.6127615
1619308525.6127865
1619308525.6132126
1619308525.6276162
1619308525.6276414
1619308525.6282847
1619308525.6395168
1619308525.6395407
1619308525.6512067
1619308525.6713529
1619308525.6713798
1619308525.6718473
1619308525.6900036
1619308525.6900315
1619308525.6905878
1619308525.7024407
1619308525.7025256
1619308525.7032902
1619308525.71376
1619308525.713785
1619308525.731978
1619308525.732005
1619308525.7320204
1619308525.7324052
1619308525.7478015
1619308525.7481065
1619308525.750857
1619308525.7632825
1619308525.7637894
1619308525.774834
1619308525.7748663
1619308525.774882
1619308525.7900918
1619308525.792213
1619308525.803366
1619308525.803885
1619308525.8148503
1619308525.8148735
1619308525.8148887
1619308525.8290823
1619308525.829113
1619308525.8291337
1619308525.8402896
1619308525.8403206
1619308525.8403423
1619308525.8509955
1619308525.8510182
1619308525.851352
1619308525.8640044
1619308525.8640318
1619308525.8683746
1619308525.8825302
1619308525.8825595
1619308525.893923
1619308525.894913
1619308525.9099514
1619308525.90998
1619308525.924045
1619308525.924069
1619308525.9240844
1619308525.9351816
1619308525.935206
1619308525.949246
1619308525.9492755
1619308525.9560797
1619308525.9673321
1619308525.9673538
1619308525.9673688
1619308525.978238
1619308525.9782631
1619308525.9782786
1619308525.9782937
1619308525.9820821
1619308525.9932303
1619308525.9932559
1619308525.9932716
1619308525.9932861
1619308525.9933012
1619308526.0037653
1619308526.0037875
1619308526.0038028
1619308526.0038185
1619308526.003833
1619308526.0160844
1619308526.016111
1619308526.0161264
1619308526.016141
1619308526.0164666
1619308526.027615
1619308526.0276432
1619308526.0276587
1619308526.0276735
1619308526.028474
1619308526.039421
1619308526.0394459
1619308526.0394614
1619308526.0510857
1619308526.0511088
1619308526.0511239
1619308526.0511389
1619308526.0511534
1619308526.0610535
1619308526.0610762
1619308526.0610921
1619308526.0611074
1619308526.061122
1619308526.0719914
1619308526.0720155
1619308526.072031
1619308526.0720463
1619308526.0720608
1619308526.0720756
1619308526.0833948
1619308526.083421
1619308526.0834363
1619308526.0834515
1619308526.083466
1619308526.0939908
1619308526.0940177
1619308526.0940332
1619308526.0940485
1619308526.1045883
1619308526.104611
1619308526.1046267
1619308526.1046414
1619308526.1046565
1619308526.114912
1619308526.1149344
1619308526.1149504
1619308526.114966
1619308526.114981
1619308526.126465
1619308526.1265311
1619308526.1265483
1619308526.1265638
1619308526.127147
1619308526.12719
1619308526.136928
1619308526.1488307
1619308526.148855
1619308526.1488707
1619308526.1489158
1619308526.148937
1619308526.148952
1619308526.152118
1619308526.1629212
1619308526.1629436
1619308526.1629586
1619308526.1629734
1619308526.162989
1619308526.1738539
1619308526.173878
1619308526.1738937
1619308526.1739087
1619308526.1739235
1619308526.1739383
1619308526.1842937
1619308526.1843164
1619308526.1843321
1619308526.184347
1619308526.1843617
1619308526.1950123
1619308526.1950383
1619308526.1951127
1619308526.1951294
1619308526.1954784
1619308526.2068157
1619308526.206841
1619308526.2068567
1619308526.2068715
1619308526.2179282
1619308526.21795
1619308526.2179656
1619308526.2179809
1619308526.2295954
1619308526.2296252
1619308526.2296412
1619308526.2296593
1619308526.2296748
1619308526.2399158
1619308526.2399383
1619308526.250716
1619308526.2507389
1619308526.2507544
1619308526.2507691
1619308526.251107
1619308526.2629435
1619308526.262969
1619308526.2630382
1619308526.2630599
1619308526.2630749
1619308526.2740173
1619308526.2740393
1619308526.274056
1619308526.2740705
1619308526.274085
1619308526.290092
1619308526.2901173
1619308526.290133
1619308526.2901475
1619308526.2901623
1619308526.2905977
1619308526.3075411
1619308526.3075635
1619308526.3075788
1619308526.3186812
1619308526.3191955
1619308526.3313305
1619308526.3313594
1619308526.3358278
1619308526.3467498
1619308526.346773
1619308526.3467886
1619308526.3577032
1619308526.3577254
1619308526.3577409
1619308526.357756
1619308526.3577704
1619308526.357785
1619308526.369072
1619308526.369095
1619308526.369111
1619308526.369126
1619308526.3691413
1619308526.3799624
1619308526.3799856
1619308526.380001
1619308526.380016
1619308526.3800306
1619308526.390947
1619308526.3909745
1619308526.3909912
1619308526.3910062
1619308526.3910208
1619308526.4021432
1619308526.4021661
1619308526.4021816
1619308526.4021966
1619308526.4022117
1619308526.4022262
1619308526.4128213
1619308526.4128468
1619308526.4128623
1619308526.4245186
1619308526.4245632
1619308526.42458
1619308526.4245968
1619308526.4246118
1619308526.4347613
1619308526.4347837
1619308526.4347992
1619308526.434814
1619308526.4456794
1619308526.445704
1619308526.445721
1619308526.4457357
1619308526.4457505
1619308526.4457653
1619308526.4568827
1619308526.4569058
1619308526.4569213
1619308526.4569361
1619308526.456951
1619308526.4569654
1619308526.4685159
1619308526.468538
1619308526.4685535
1619308526.4685686
1619308526.468583
1619308526.4695904
1619308526.4813447
1619308526.481375
1619308526.4813905
1619308526.4814055
1619308526.48142
1619308526.491932
1619308526.4919593
1619308526.4919758
1619308526.4919915
1619308526.4920077
1619308526.5029256
1619308526.502951
1619308526.5029666
1619308526.5029817
1619308526.5029967
1619308526.503012
1619308526.5130796
1619308526.5131075
1619308526.5131233
1619308526.5237942
1619308526.5238173
1619308526.5238326
1619308526.5238476
1619308526.5238628
1619308526.5238774
1619308526.5361662
1619308526.5361888
1619308526.5362046
1619308526.5362196
1619308526.5362344
1619308526.5467358
1619308526.546758
1619308526.5467732
1619308526.5467885
1619308526.546803
1619308526.5469625
1619308526.557474
1619308526.5575068
1619308526.5575225
1619308526.5575387
1619308526.5575542
1619308526.5680606
1619308526.568084
1619308526.568099
1619308526.5681138
1619308526.5783362
1619308526.578359
1619308526.5783744
1619308526.5783894
1619308526.5784042
1619308526.5888748
1619308526.5888994
1619308526.5889149
1619308526.5889301
1619308526.5889447
1619308526.5889597
1619308526.6008291
1619308526.6008623
1619308526.600878
1619308526.6112564
1619308526.6112783
1619308526.6112938
1619308526.6113086
1619308526.6113236
1619308526.6217928
1619308526.6218152
1619308526.6218307
1619308526.6218452
1619308526.6332006
1619308526.6332266
1619308526.6332421
1619308526.6332572
1619308526.633273
1619308526.6440732
1619308526.6440985
1619308526.644114
1619308526.6441286
1619308526.6441436
1619308526.6441581
1619308526.6545053
1619308526.6545272
1619308526.654543
1619308526.6545577
1619308526.6545725
1619308526.6650496
1619308526.6650736
1619308526.6650894
1619308526.6651042
1619308526.6757927
1619308526.675819
1619308526.6758347
1619308526.6758494
1619308526.675864
1619308526.6764746
1619308526.6887374
1619308526.6887603
1619308526.688776
1619308526.6890967
1619308526.6999457
1619308526.6999679
1619308526.6999834
1619308526.699998
1619308526.7000127
1619308526.7106311
1619308526.7106965
1619308526.71072
1619308526.7107425
1619308526.7107646
1619308526.7107844
1619308526.721105
1619308526.7211277
1619308526.7211435
1619308526.7211585
1619308526.7211733
1619308526.721188
1619308526.7354996
1619308526.7355254
1619308526.7355404
1619308526.7358677
1619308526.7471042
1619308526.7471273
1619308526.7471423
1619308526.7471576
1619308526.747172
1619308526.7471867
1619308526.758235
1619308526.7583225
1619308526.7583392
1619308526.7689962
1619308526.7690258
1619308526.769042
1619308526.769057
1619308526.7796974
1619308526.7797194
1619308526.779735
1619308526.7797496
1619308526.7798057
1619308526.7798421
1619308526.7909706
1619308526.7909946
1619308526.7910109
1619308526.7910259
1619308526.7910404
1619308526.8020446
1619308526.8020675
1619308526.8020825
1619308526.802097
1619308526.8021116
1619308526.813104
1619308526.8131268
1619308526.8131435
1619308526.8131588
1619308526.8131738
1619308526.8136044
1619308526.8254817
1619308526.8255877
1619308526.825606
1619308526.8256252
1619308526.83607
1619308526.8360918
1619308526.8361068
1619308526.8361213
1619308526.8465233
1619308526.8465443
1619308526.8465593
1619308526.8465736
1619308526.8465877
1619308526.8572364
1619308526.8572628
1619308526.857278
1619308526.857293
1619308526.8573072
1619308526.8756428
1619308526.8756661
1619308526.8759623
1619308526.8901868
1619308526.8907926
1619308526.9047258
1619308526.9047503
1619308526.9047654
1619308526.9161348
1619308526.9161658
1619308526.9161816
1619308526.927519
1619308526.9275417
1619308526.9275575
1619308526.9275725
1619308526.938807
1619308526.9388304
1619308526.9388456
1619308526.9550977
1619308526.9551237
1619308526.9557233
1619308526.9663277
1619308526.9664116
1619308526.9664536
1619308526.9779272
1619308526.9779508
1619308526.9779663
1619308526.9897351
1619308526.9897604
1619308526.9901898
1619308527.0035846
1619308527.0036128
1619308527.0230849
1619308527.023554
1619308527.0348418
1619308527.0348713
1619308527.040046
1619308527.0507708
1619308527.0507963
1619308527.0512218
1619308527.0621443
1619308527.062558
1619308527.0757864
1619308527.0758162
1619308527.0801232
1619308527.0907454
1619308527.0907686
1619308527.090784
1619308527.1020699
1619308527.1025686
1619308527.1136878
1619308527.1137125
1619308527.113728
1619308527.1254003
1619308527.1254277
1619308527.125443
1619308527.1386096
1619308527.1549418
1619308527.1553917
1619308527.1677217
1619308527.1677442
1619308527.1677594
1619308527.1681771
1619308527.1797662
1619308527.1797893
1619308527.1798046
1619308527.1798193
1619308527.1801627
1619308527.1911025
1619308527.191129
1619308527.1911447
1619308527.1911597
1619308527.1911755
1619308527.191191
1619308527.20175
1619308527.2017722
1619308527.2017884
1619308527.2018032
1619308527.2018182
1619308527.2128623
1619308527.212884
1619308527.2128994
1619308527.2129142
1619308527.212929
1619308527.224567
1619308527.224617
1619308527.2246337
1619308527.22465
1619308527.2246654
1619308527.224681
1619308527.2378447
1619308527.2395165
1619308527.254015
1619308527.2540393
1619308527.2540545
1619308527.2646556
