1619308678.0360796
1619308678.052246
1619308678.0523334
1619308678.0523663
1619308678.0523953
1619308678.0630746
1619308678.0631163
1619308678.0631466
1619308678.0631814
1619308678.0632107
1619308678.0736475
1619308678.0736866
1619308678.0737164
1619308678.0848472
1619308678.0848951
1619308678.084926
1619308678.0849547
1619308678.0849833
1619308678.0975502
1619308678.0975924
1619308678.0976226
1619308678.0976512
1619308678.1130996
1619308678.1131597
1619308678.113192
1619308678.1132221
1619308678.1159713
1619308678.1281357
1619308678.1281917
1619308678.128223
1619308678.1282544
1619308678.138425
1619308678.1385026
1619308678.1385462
1619308678.138576
1619308678.1489875
1619308678.1490266
1619308678.1490564
1619308678.1490867
1619308678.1491156
1619308678.1491446
1619308678.1598186
1619308678.1598613
1619308678.159892
1619308678.1599212
1619308678.1707513
1619308678.1707911
1619308678.1708217
1619308678.1708508
1619308678.1708806
1619308678.1807501
1619308678.1807897
1619308678.1808202
1619308678.1808493
1619308678.1918232
1619308678.191863
1619308678.1918938
1619308678.1919227
1619308678.2021608
1619308678.2022407
1619308678.202274
1619308678.2023034
1619308678.2023332
1619308678.216686
1619308678.2167337
1619308678.2175236
1619308678.231027
1619308678.231998
1619308678.235097
1619308678.2498724
1619308678.2499182
1619308678.2499478
1619308678.2613533
1619308678.2613952
1619308678.2720544
1619308678.2720916
1619308678.2721224
1619308678.282741
1619308678.28278
1619308678.2828095
1619308678.284036
1619308678.3004823
1619308678.3005247
1619308678.3005545
1619308678.3005824
1619308678.3037064
1619308678.316049
1619308678.3161297
1619308678.319337
1619308678.337113
1619308678.3371665
1619308678.337899
1619308678.3485732
1619308678.3486125
1619308678.3486416
1619308678.3491452
1619308678.3554454
1619308678.3660715
1619308678.3661108
1619308678.3810918
1619308678.3811338
1619308678.3811636
1619308678.3930457
1619308678.39309
1619308678.4073641
1619308678.4074097
1619308678.4074397
1619308678.408401
1619308678.4243417
1619308678.4257512
1619308678.4364073
1619308678.4371436
1619308678.4480376
1619308678.4480858
1619308678.4590027
1619308678.4590497
1619308678.4590795
1619308678.4710455
1619308678.4710863
1619308678.471116
1619308678.4722736
1619308678.4833636
1619308678.483404
1619308678.4839976
1619308678.4979305
1619308678.4979727
1619308678.4985592
1619308678.509326
1619308678.5093772
1619308678.520472
1619308678.5205126
1619308678.5205421
1619308678.5250206
1619308678.5360842
1619308678.53725
1619308678.5391977
1619308678.5555363
1619308678.5555775
1619308678.5556068
1619308678.5556352
1619308678.5556636
1619308678.556323
1619308678.5673609
1619308678.5673985
1619308678.5692344
1619308678.5813448
1619308678.5814006
1619308678.5936408
1619308678.5936913
1619308678.5956378
1619308678.6075106
1619308678.6075325
1619308678.6075478
1619308678.618259
1619308678.6182811
1619308678.6305833
1619308678.6315253
1619308678.643043
1619308678.6430705
1619308678.6441119
1619308678.6584752
1619308678.658501
1619308678.6593866
1619308678.670901
1619308678.6709254
1619308678.6715522
1619308678.6822505
1619308678.682272
1619308678.6822872
1619308678.6953015
1619308678.6953259
1619308678.6953406
1619308678.6953547
1619308678.6953685
1619308678.6953824
1619308678.7059085
1619308678.7059312
1619308678.7059462
1619308678.7059603
1619308678.7059753
1619308678.7065468
1619308678.7173991
1619308678.7174277
1619308678.7174425
1619308678.717457
1619308678.7293565
1619308678.729378
1619308678.729393
1619308678.729408
1619308678.7294223
1619308678.7294366
1619308678.738665
1619308678.7386973
1619308678.7387125
1619308678.7550218
1619308678.755047
1619308678.755699
1619308678.7670496
1619308678.7670715
1619308678.7670867
1619308678.7874584
1619308678.7874844
1619308678.7881587
1619308678.7996929
1619308678.7997184
1619308678.800391
1619308678.811293
1619308678.8113232
1619308678.8113403
1619308678.8226397
1619308678.8226619
1619308678.8226767
1619308678.8226914
1619308678.822706
1619308678.8334742
1619308678.833497
1619308678.8335128
1619308678.8443964
1619308678.8444235
1619308678.8444395
1619308678.8444548
1619308678.8444698
1619308678.844485
1619308678.8554153
1619308678.8554382
1619308678.8554535
1619308678.8658593
1619308678.8658822
1619308678.8658974
1619308678.8659475
1619308678.8659625
1619308678.8768618
1619308678.876888
1619308678.8769035
1619308678.8769186
1619308678.8873186
1619308678.887343
1619308678.8873582
1619308678.8873725
1619308678.887387
1619308678.8980527
1619308678.8980753
1619308678.8980908
1619308678.8981054
1619308678.89812
1619308678.8981342
1619308678.909008
1619308678.9090333
1619308678.9090488
1619308678.9090633
1619308678.9090776
1619308678.9197657
1619308678.9197922
1619308678.9198077
1619308678.9198225
1619308678.9310796
1619308678.9311035
1619308678.9311185
1619308678.9311333
1619308678.9311476
1619308678.9417014
1619308678.9417238
1619308678.941739
1619308678.9417536
1619308678.9417684
1619308678.941783
1619308678.952454
1619308678.9524763
1619308678.9524918
1619308678.9525065
1619308678.9699705
1619308678.97071
1619308678.9813347
1619308678.9813576
1619308678.9930158
1619308678.9930418
1619308678.9930568
1619308679.0037453
1619308679.003773
1619308679.0037882
1619308679.0038033
1619308679.003818
1619308679.014335
1619308679.014742
1619308679.0149205
1619308679.0150218
1619308679.0289166
1619308679.0289428
1619308679.0289583
1619308679.0393796
1619308679.039402
1619308679.039417
1619308679.0394316
1619308679.0394464
1619308679.0505383
1619308679.0505612
1619308679.050577
1619308679.0505915
1619308679.0614128
1619308679.061435
1619308679.0614505
1619308679.061465
1619308679.0614793
1619308679.0725968
1619308679.072619
1619308679.0726345
1619308679.072649
1619308679.0727038
1619308679.0727193
1619308679.0829048
1619308679.0829275
1619308679.0829425
1619308679.082957
1619308679.0938318
1619308679.0938575
1619308679.0938725
1619308679.0938873
1619308679.0939019
1619308679.1042173
1619308679.10424
1619308679.104255
1619308679.1042695
1619308679.1042838
1619308679.1147382
1619308679.114763
1619308679.1147783
1619308679.1147926
1619308679.125936
1619308679.125961
1619308679.1259758
1619308679.1259906
1619308679.126005
1619308679.1260195
1619308679.1367266
1619308679.1367495
1619308679.1367645
1619308679.136779
1619308679.1367936
1619308679.1368077
1619308679.1474948
1619308679.1475196
1619308679.1475344
1619308679.1475487
1619308679.158398
1619308679.1584206
1619308679.158436
1619308679.1584508
1619308679.1584659
1619308679.169721
1619308679.1697454
1619308679.169761
1619308679.1697757
1619308679.1697905
1619308679.1799386
1619308679.1799674
1619308679.179983
1619308679.1906335
1619308679.190656
1619308679.190671
1619308679.190685
1619308679.1906996
1619308679.2014563
1619308679.2014782
1619308679.201493
1619308679.2015076
1619308679.2015228
1619308679.2116804
1619308679.2117033
1619308679.2117183
1619308679.211733
1619308679.2117474
1619308679.22276
1619308679.2228258
1619308679.2228417
1619308679.2228565
1619308679.2228708
1619308679.2336214
1619308679.233644
1619308679.233659
1619308679.2336736
1619308679.2336879
1619308679.2441928
1619308679.244216
1619308679.2442312
1619308679.244246
1619308679.2547987
1619308679.2548234
1619308679.2548382
1619308679.2548528
1619308679.2548673
1619308679.2548819
1619308679.2655368
1619308679.265565
1619308679.2655802
1619308679.2655952
1619308679.2656097
1619308679.2768812
1619308679.276907
1619308679.2769222
1619308679.2769365
1619308679.2875588
1619308679.287584
1619308679.287599
1619308679.2876136
1619308679.2876282
1619308679.2976444
1619308679.297666
1619308679.2976813
1619308679.297696
1619308679.2977107
1619308679.297725
1619308679.3085706
1619308679.3085964
1619308679.3086116
1619308679.3086262
1619308679.319392
1619308679.3194158
1619308679.319432
1619308679.3194463
1619308679.3194604
1619308679.3194745
1619308679.3307946
1619308679.3308167
1619308679.3308318
1619308679.3308463
1619308679.3308606
1619308679.3415182
1619308679.3415484
1619308679.341565
1619308679.3415797
1619308679.3415947
1619308679.3534997
1619308679.3535228
1619308679.353538
1619308679.3535526
1619308679.364219
1619308679.364241
1619308679.3643105
1619308679.3643262
1619308679.364341
1619308679.3643558
1619308679.375318
1619308679.3753436
1619308679.375359
1619308679.3753738
1619308679.3753886
1619308679.3858097
1619308679.3858318
1619308679.385848
1619308679.3858626
1619308679.3858771
1619308679.3858917
1619308679.3965645
1619308679.396587
1619308679.396602
1619308679.3966162
1619308679.3966315
1619308679.4075549
1619308679.407579
1619308679.407594
1619308679.4076083
1619308679.4076228
1619308679.4077837
1619308679.4180202
1619308679.4180424
1619308679.418058
1619308679.4180722
1619308679.418087
1619308679.4298573
1619308679.429886
1619308679.4299016
1619308679.4299166
1619308679.4299326
1619308679.4411652
1619308679.4411876
1619308679.441204
1619308679.4412184
1619308679.4412327
1619308679.4412472
1619308679.4514499
1619308679.4514723
1619308679.451488
1619308679.4515023
1619308679.4618306
1619308679.461853
1619308679.461868
1619308679.461884
1619308679.4618983
1619308679.4739296
1619308679.4739573
1619308679.4739728
1619308679.4739876
1619308679.4740021
1619308679.4740174
1619308679.4853013
1619308679.4853246
1619308679.4853399
1619308679.4853544
1619308679.4853692
1619308679.4856637
1619308679.496564
1619308679.4965858
1619308679.4966006
1619308679.4966154
1619308679.4966302
1619308679.507578
1619308679.5076027
1619308679.507618
1619308679.5076327
1619308679.5076473
1619308679.5076618
1619308679.5079124
1619308679.52251
1619308679.5225363
1619308679.5225515
1619308679.5337987
1619308679.5342238
1619308679.5498676
1619308679.5498934
1619308679.5506825
1619308679.5618021
1619308679.5618253
1619308679.5726805
1619308679.5727038
1619308679.5733063
1619308679.5869257
1619308679.5869503
1619308679.5978143
1619308679.597837
1619308679.6089456
1619308679.6089764
1619308679.6089914
1619308679.6090066
1619308679.6090217
1619308679.6193292
1619308679.6193519
1619308679.6193671
1619308679.6300082
1619308679.6300366
1619308679.630052
1619308679.6300664
1619308679.6408796
1619308679.6409018
1619308679.6409175
1619308679.6409323
1619308679.6409469
1619308679.6409616
1619308679.6516507
1619308679.651673
1619308679.6516883
1619308679.6517031
1619308679.6625197
1619308679.6625419
1619308679.662557
1619308679.6625714
1619308679.662586
1619308679.6731787
1619308679.673201
1619308679.6732166
1619308679.6732311
1619308679.6732457
1619308679.67326
1619308679.6835268
1619308679.68355
1619308679.6835651
1619308679.6945999
1619308679.6946259
1619308679.6946414
1619308679.6946564
1619308679.6946707
1619308679.704725
1619308679.7047493
1619308679.7047644
1619308679.704779
1619308679.7047935
1619308679.715113
1619308679.715148
1619308679.7151637
1619308679.7151783
1619308679.7262027
1619308679.7262275
1619308679.7262425
1619308679.7262568
1619308679.7262716
1619308679.7365527
1619308679.7365751
1619308679.7365904
1619308679.7366052
1619308679.7366197
1619308679.747221
1619308679.7472453
1619308679.7472608
1619308679.7472758
1619308679.7472904
1619308679.757547
1619308679.7575722
1619308679.7575872
1619308679.7576017
1619308679.7576168
1619308679.7576313
1619308679.7679892
1619308679.7680113
1619308679.7680576
1619308679.768074
1619308679.7680883
1619308679.778653
1619308679.7786746
1619308679.77869
1619308679.7787046
1619308679.7787192
1619308679.7787335
1619308679.7894013
1619308679.7894228
1619308679.7894382
1619308679.7894528
1619308679.789467
1619308679.7894828
1619308679.799881
1619308679.7999043
1619308679.7999194
1619308679.799934
1619308679.7999482
1619308679.8109684
1619308679.8109944
1619308679.8110096
1619308679.8110244
1619308679.811039
1619308679.8225033
1619308679.822525
1619308679.8225403
1619308679.8225548
1619308679.8225694
1619308679.8336022
1619308679.8336248
1619308679.8336403
1619308679.833655
1619308679.8336697
1619308679.8469105
1619308679.8469357
1619308679.8469512
1619308679.846966
1619308679.84698
1619308679.8576505
1619308679.8576763
1619308679.8576918
1619308679.8577077
1619308679.8577223
1619308679.8686213
1619308679.8686438
1619308679.8686597
1619308679.8686743
1619308679.8686886
1619308679.868703
1619308679.8792117
1619308679.8792338
1619308679.879249
1619308679.879264
1619308679.8900747
1619308679.8900967
1619308679.8901117
1619308679.8901262
1619308679.8901408
1619308679.890155
1619308679.9017582
1619308679.9017825
1619308679.9017982
1619308679.901813
1619308679.9018276
1619308679.9116938
1619308679.9117184
1619308679.9117334
1619308679.9117482
1619308679.922486
1619308679.922508
1619308679.9225228
1619308679.9225376
1619308679.9225519
1619308679.9225664
1619308679.9345925
1619308679.93462
1619308679.9346359
1619308679.9346504
1619308679.934665
1619308679.945414
1619308679.9561286
1619308679.9670734
1619308679.9670985
1619308679.9692469
1619308679.9820945
1619308679.982119
1619308679.9945679
1619308679.994595
1619308680.0076911
1619308680.0077174
1619308680.0077326
1619308680.020134
1619308680.0214713
1619308680.0344892
1619308680.0351937
1619308680.0467
1619308680.0467653
1619308680.0474305
1619308680.058183
1619308680.0582056
1619308680.0582209
1619308680.0582356
1619308680.05825
1619308680.0685663
1619308680.0685892
1619308680.0686045
1619308680.0686188
1619308680.0797868
1619308680.0798144
1619308680.07983
1619308680.079845
1619308680.0798602
1619308680.0911942
1619308680.0912268
1619308680.091242
1619308680.0912566
1619308680.0912714
1619308680.100796
1619308680.100819
1619308680.1008344
1619308680.110998
1619308680.11102
1619308680.111035
1619308680.1110494
1619308680.111064
1619308680.1110787
1619308680.1217246
1619308680.1217475
1619308680.1217625
1619308680.1217773
1619308680.121792
1619308680.1324258
1619308680.1324508
1619308680.1324658
1619308680.1438417
1619308680.143865
1619308680.1438801
1619308680.1438947
1619308680.1439092
1619308680.1544685
1619308680.1544907
1619308680.1545057
1619308680.1545203
1619308680.1545346
1619308680.1545494
1619308680.1648304
1619308680.164858
1619308680.1648731
1619308680.1790624
1619308680.179096
1619308680.1791112
1619308680.1791258
1619308680.1907492
1619308680.1907802
1619308680.1916592
1619308680.205834
1619308680.20586
1619308680.2058747
1619308680.219816
1619308680.2198403
1619308680.2198555
1619308680.2198699
1619308680.224792
1619308680.2353172
1619308680.23534
1619308680.2394376
1619308680.2499127
1619308680.2499385
1619308680.2554135
1619308680.2671719
1619308680.2671928
1619308680.2674375
1619308680.2819378
1619308680.2819638
1619308680.2819788
1619308680.2819936
1619308680.2927778
1619308680.2928002
1619308680.2928157
1619308680.2928302
1619308680.2928448
1619308680.3040893
1619308680.304173
1619308680.3041894
1619308680.304204
1619308680.3042188
1619308680.3042336
1619308680.3147976
1619308680.3148203
1619308680.3148358
1619308680.3148503
1619308680.3148646
1619308680.3254287
1619308680.3254564
1619308680.3254716
1619308680.3254864
1619308680.3255012
1619308680.3367846
1619308680.3368201
1619308680.3368356
1619308680.3368504
1619308680.346845
1619308680.3468738
1619308680.3468893
1619308680.346904
1619308680.3573947
1619308680.3574204
1619308680.357436
1619308680.3574507
1619308680.3574653
1619308680.3682632
1619308680.368285
1619308680.3683
1619308680.3683152
1619308680.3683295
1619308680.3784177
1619308680.3784392
1619308680.3784542
1619308680.3784688
1619308680.3784833
1619308680.3893228
1619308680.3893452
1619308680.3893604
1619308680.3893752
1619308680.3893895
1619308680.399585
1619308680.399607
1619308680.3996222
1619308680.399637
1619308680.3996518
1619308680.4103572
1619308680.41038
1619308680.4103947
1619308680.4104092
1619308680.4104238
1619308680.410438
1619308680.4218502
1619308680.421876
1619308680.421904
1619308680.4219265
1619308680.421948
1619308680.4219682
1619308680.4322646
1619308680.4322953
1619308680.4323113
1619308680.445739
1619308680.4590137
1619308680.4597027
1619308680.4705522
1619308680.4705749
1619308680.4705908
1619308680.483194
1619308680.4832191
1619308680.4832346
1619308680.483249
1619308680.4832633
1619308680.4936514
1619308680.4936745
1619308680.4936895
1619308680.493704
1619308680.4937189
1619308680.4937334
1619308680.5047724
1619308680.5048003
1619308680.5048156
1619308680.5048301
1619308680.504845
1619308680.514819
1619308680.5148416
1619308680.514857
1619308680.5148714
