1619308678.0339792
1619308678.0370853
1619308678.0393357
1619308678.0409787
1619308678.0425508
1619308678.0446963
1619308678.0546112
1619308678.0561867
1619308678.0576248
1619308678.059001
1619308678.0625265
1619308678.0639842
1619308678.07088
1619308678.0726423
1619308678.0745623
1619308678.0766008
1619308678.078447
1619308678.0804453
1619308678.0823696
1619308678.0850847
1619308678.0874088
1619308678.0893037
1619308678.0934098
1619308678.1028528
1619308678.1045563
1619308678.106585
1619308678.1083212
1619308678.1148436
1619308678.1187243
1619308678.1206532
1619308678.1227067
1619308678.124745
1619308678.128623
1619308678.13283
1619308678.135086
1619308678.137505
1619308678.1393952
1619308678.1410654
1619308678.1427646
1619308678.1444917
1619308678.1460392
1619308678.1475368
1619308678.1494029
1619308678.1547272
1619308678.1565583
1619308678.159098
1619308678.161778
1619308678.1643953
1619308678.166273
1619308678.167777
1619308678.1700556
1619308678.1726644
1619308678.1766229
1619308678.17846
1619308678.179963
1619308678.1814256
1619308678.1833873
1619308678.1875188
1619308678.1891277
1619308678.1919892
1619308678.1939716
1619308678.1966376
1619308678.1984591
1619308678.200426
1619308678.203538
1619308678.2076304
1619308678.2169528
1619308678.225131
1619308678.2313411
1619308678.2346027
1619308678.2395287
1619308678.2436323
1619308678.24543
1619308678.2521904
1619308678.254428
1619308678.2623503
1619308678.264227
1619308678.2712212
1619308678.2730286
1619308678.279426
1619308678.2818086
1619308678.2836323
1619308678.2855885
1619308678.2875512
1619308678.2893918
1619308678.2909558
1619308678.3031886
1619308678.3051345
1619308678.3110204
1619308678.316329
1619308678.3211656
1619308678.3271694
1619308678.3374152
1619308678.340805
1619308678.3434024
1619308678.3459778
1619308678.348802
1619308678.3549562
1619308678.357272
1619308678.3613744
1619308678.3680062
1619308678.3694866
1619308678.3739219
1619308678.3903286
1619308678.3920734
1619308678.394038
1619308678.3959246
1619308678.4000835
1619308678.4077713
1619308678.4110107
1619308678.4246433
1619308678.4278934
1619308678.4366648
1619308678.438434
1619308678.4432454
1619308678.4490023
1619308678.4558308
1619308678.4578516
1619308678.4600346
1619308678.46175
1619308678.4636347
1619308678.471365
1619308678.4734826
1619308678.4794853
1619308678.483583
1619308678.4851992
1619308678.4913568
1619308678.4981678
1619308678.5026615
1619308678.5048194
1619308678.511956
1619308678.5135796
1619308678.5174992
1619308678.524248
1619308678.5264428
1619308678.536344
1619308678.5388713
1619308678.5405865
1619308678.5427253
1619308678.544538
1619308678.5464427
1619308678.548383
1619308678.5559049
1619308678.5582192
1619308678.5635362
1619308678.567553
1619308678.5706663
1619308678.576115
1619308678.584513
1619308678.5913806
1619308678.595185
1619308678.5966833
1619308678.6036296
1619308678.6055226
1619308678.6095266
1619308678.6176002
1619308678.6201346
1619308678.630966
1619308678.6331456
1619308678.6388388
1619308678.6433089
1619308678.6477625
1619308678.6517735
1619308678.6588526
1619308678.662391
1619308678.6642332
1619308678.6711175
1619308678.6734948
1619308678.6794891
1619308678.6813612
1619308678.6828961
1619308678.6844225
1619308678.6860614
1619308678.6877015
1619308678.6891975
1619308678.6919458
1619308678.6969118
1619308678.6984828
1619308678.7009833
1619308678.7026682
1619308678.7042618
1619308678.706137
1619308678.7076185
1619308678.710257
1619308678.7134883
1619308678.7157714
1619308678.7179537
1619308678.7197804
1619308678.72151
1619308678.723118
1619308678.7249012
1619308678.7291286
1619308678.7310596
1619308678.7331805
1619308678.7351599
1619308678.739681
1619308678.7475312
1619308678.7552853
1619308678.7572427
1619308678.7613592
1619308678.76507
1619308678.771781
1619308678.7734082
1619308678.787695
1619308678.7896311
1619308678.792763
1619308678.7999318
1619308678.8034267
1619308678.8052976
1619308678.8077376
1619308678.8119562
1619308678.8159778
1619308678.817887
1619308678.8197427
1619308678.8221197
1619308678.8276205
1619308678.8293831
1619308678.8313324
1619308678.833563
1619308678.83524
1619308678.8371725
1619308678.8392677
1619308678.8413732
1619308678.8437085
1619308678.8489718
1619308678.851476
1619308678.8540978
1619308678.8563495
1619308678.8582604
1619308678.8604977
1619308678.8621902
1619308678.8641682
1619308678.8660138
1619308678.867602
1619308678.8690104
1619308678.8716643
1619308678.877139
1619308678.8795478
1619308678.8813596
1619308678.883302
1619308678.885281
1619308678.8876712
1619308678.8891194
1619308678.891203
1619308678.8933604
1619308678.8951545
1619308678.8969874
1619308678.89895
1619308678.9009368
1619308678.902887
1619308678.9048188
1619308678.9074965
1619308678.9112623
1619308678.9139864
1619308678.916339
1619308678.9187064
1619308678.9206607
1619308678.9235446
1619308678.925643
1619308678.9274755
1619308678.929217
1619308678.93121
1619308678.9327524
1619308678.934765
1619308678.9366717
1619308678.9385903
1619308678.9405775
1619308678.9426956
1619308678.9446647
1619308678.9464605
1619308678.9513676
1619308678.9640703
1619308678.9702194
1619308678.972464
1619308678.9804552
1619308678.9868472
1619308678.9890964
1619308678.9906511
1619308678.9931364
1619308678.9955852
1619308678.9974651
1619308678.9994605
1619308679.0017538
1619308679.0038958
1619308679.0073917
1619308679.0094502
1619308679.0116704
1619308679.0181968
1619308679.0249434
1619308679.0279605
1619308679.0304673
1619308679.032327
1619308679.0342333
1619308679.0363207
1619308679.0385957
1619308679.0402694
1619308679.0435984
1619308679.047691
1619308679.049457
1619308679.0514457
1619308679.0534356
1619308679.055334
1619308679.057232
1619308679.0595853
1619308679.061535
1619308679.0631182
1619308679.065067
1619308679.067014
1619308679.0689366
1619308679.071306
1619308679.0752952
1619308679.077025
1619308679.0790908
1619308679.0812361
1619308679.0832906
1619308679.0856483
1619308679.0875216
1619308679.0894396
1619308679.0914621
1619308679.0939875
1619308679.096793
1619308679.0995686
1619308679.101425
1619308679.1033309
1619308679.1051013
1619308679.1072018
1619308679.1106174
1619308679.1129162
1619308679.1149864
1619308679.1170366
1619308679.1187396
1619308679.1202383
1619308679.1216455
1619308679.1236084
1619308679.1260977
1619308679.1285126
1619308679.1304274
1619308679.1319263
1619308679.1333542
1619308679.1359532
1619308679.1394658
1619308679.1412408
1619308679.1436634
1619308679.1464245
1619308679.1490698
1619308679.1515079
1619308679.1534119
1619308679.155378
1619308679.1572976
1619308679.15943
1619308679.1614492
1619308679.1631901
1619308679.165126
1619308679.1675313
1619308679.1698642
1619308679.174973
1619308679.177895
1619308679.1805031
1619308679.1823711
1619308679.186229
1619308679.188073
1619308679.1895454
1619308679.191557
1619308679.1936994
1619308679.1954794
1619308679.1973562
1619308679.1993146
1619308679.2015712
1619308679.2038682
1619308679.2072926
1619308679.2093325
1619308679.2113123
1619308679.2131174
1619308679.214487
1619308679.216467
1619308679.2184148
1619308679.2203455
1619308679.2230747
1619308679.22593
1619308679.228414
1619308679.2306159
1619308679.2325487
1619308679.2344887
1619308679.2364597
1619308679.238491
1619308679.2435694
1619308679.2452483
1619308679.2469265
1619308679.2483373
1619308679.2501798
1619308679.2516153
1619308679.2535517
1619308679.2556174
1619308679.2574956
1619308679.259603
1619308679.2620406
1619308679.2645576
1619308679.2664158
1619308679.2683084
1619308679.2712612
1619308679.274074
1619308679.2770994
1619308679.2794442
1619308679.281004
1619308679.2833474
1619308679.2848535
1619308679.2876964
1619308679.2891984
1619308679.2906702
1619308679.2927206
1619308679.2945805
1619308679.296554
1619308679.2984781
1619308679.3010397
1619308679.3036082
1619308679.3064365
1619308679.308977
1619308679.310714
1619308679.3124335
1619308679.3138568
1619308679.316101
1619308679.3181183
1619308679.3205028
1619308679.3223672
1619308679.324806
1619308679.3269734
1619308679.3289006
1619308679.3309143
1619308679.3325543
1619308679.3355231
1619308679.337311
1619308679.340605
1619308679.3425298
1619308679.3448124
1619308679.3475318
1619308679.3513274
1619308679.3538082
1619308679.355346
1619308679.3572817
1619308679.3594975
1619308679.3612635
1619308679.3631592
1619308679.3650887
1619308679.3670442
1619308679.3689766
1619308679.3713622
1619308679.373269
1619308679.375773
1619308679.3778071
1619308679.3795342
1619308679.3809884
1619308679.3827639
1619308679.3847542
1619308679.386668
1619308679.388568
1619308679.390534
1619308679.392723
1619308679.3955626
1619308679.3974733
1619308679.3994248
1619308679.4013484
1619308679.4035473
1619308679.4055917
1619308679.4079163
1619308679.4102244
1619308679.411843
1619308679.4132543
1619308679.4147863
1619308679.4169698
1619308679.4189174
1619308679.420462
1619308679.4224117
1619308679.4246807
1619308679.4278193
1619308679.4305208
1619308679.4325268
1619308679.4345243
1619308679.4362693
1619308679.4381073
1619308679.4401076
1619308679.4426053
1619308679.4462366
1619308679.4484482
1619308679.4504092
1619308679.4523318
1619308679.454297
1619308679.4562418
1619308679.4583611
1619308679.4607236
1619308679.4626877
1619308679.4645886
1619308679.4665613
1619308679.4684987
1619308679.470346
1619308679.474114
1619308679.4766815
1619308679.4788
1619308679.4803889
1619308679.4817913
1619308679.4837077
1619308679.485893
1619308679.4880762
1619308679.4901888
1619308679.4916623
1619308679.493803
1619308679.495507
1619308679.4974291
1619308679.498946
1619308679.5003479
1619308679.501883
1619308679.5034952
1619308679.5055027
1619308679.5081167
1619308679.5106325
1619308679.5123687
1619308679.5234013
1619308679.5277078
1619308679.5344558
1619308679.5363631
1619308679.5406713
1619308679.5502343
1619308679.5589726
1619308679.5607796
1619308679.5627894
1619308679.5666902
1619308679.5728798
1619308679.578368
1619308679.5804985
1619308679.5958016
1619308679.5978932
1619308679.5995286
1619308679.6014795
1619308679.603425
1619308679.6053894
1619308679.6079125
1619308679.613479
1619308679.6153073
1619308679.6176836
1619308679.619419
1619308679.6216683
1619308679.62387
1619308679.6271007
1619308679.6301632
1619308679.632676
1619308679.6345036
1619308679.6363266
1619308679.6382308
1619308679.6397908
1619308679.6430469
1619308679.646846
1619308679.6485717
1619308679.6505988
1619308679.6525428
1619308679.65479
1619308679.6564443
1619308679.6585474
1619308679.6603596
1619308679.6626356
1619308679.6642668
1619308679.66622
1619308679.6681492
1619308679.6696649
1619308679.6725252
1619308679.6762247
1619308679.6808753
1619308679.6825237
1619308679.6844292
1619308679.685991
1619308679.6883426
1619308679.6902864
1619308679.692457
1619308679.6947553
1619308679.6971807
1619308679.6990771
1619308679.7005832
1619308679.7032707
1619308679.7066112
1619308679.7091913
1619308679.7124622
1619308679.7142797
1619308679.7170584
1619308679.7193563
1619308679.721173
1619308679.723082
1619308679.7252295
1619308679.727101
1619308679.7289248
1619308679.7304754
1619308679.7324212
1619308679.7343864
1619308679.7366683
1619308679.7383277
1619308679.7416868
1619308679.7432768
1619308679.7452054
1619308679.7473502
1619308679.748745
1619308679.7502053
1619308679.752649
1619308679.754546
1619308679.7564735
1619308679.7586884
1619308679.7606192
1619308679.7624006
1619308679.764312
1619308679.7662694
1619308679.7681375
1619308679.7700179
1619308679.7720962
1619308679.7737381
1619308679.7758553
1619308679.777624
1619308679.7791781
1619308679.7806687
1619308679.7821517
1619308679.7844143
1619308679.786395
1619308679.788311
1619308679.7906263
1619308679.7924578
1619308679.7943282
1619308679.7966757
1619308679.7981231
1619308679.7999983
1619308679.8016102
1619308679.80427
1619308679.8066163
1619308679.8086739
1619308679.811482
1619308679.813753
1619308679.8169904
1619308679.8193421
1619308679.8212829
1619308679.8232532
1619308679.8257596
1619308679.8288786
1619308679.8305686
1619308679.83252
1619308679.8344536
1619308679.8364239
1619308679.8379207
1619308679.841486
1619308679.8440053
1619308679.8493063
1619308679.8517973
1619308679.8536305
1619308679.8555777
1619308679.857088
1619308679.8587916
1619308679.860687
1619308679.8626506
1619308679.8641047
1619308679.8655467
1619308679.8675294
1619308679.8695517
1619308679.8715925
1619308679.8764992
1619308679.8784225
1619308679.8800511
1619308679.8814778
1619308679.8831928
1619308679.8851216
1619308679.887052
1619308679.888979
1619308679.8910792
1619308679.893153
1619308679.8958583
1619308679.8982146
1619308679.9008389
1619308679.902993
1619308679.9047058
1619308679.9066815
1619308679.9087317
1619308679.9126174
1619308679.9140015
1619308679.915474
1619308679.9174178
1619308679.9193788
1619308679.921357
1619308679.9233282
1619308679.9253724
1619308679.9273145
1619308679.928851
1619308679.9303267
1619308679.9391782
1619308679.9482443
1619308679.9571922
1619308679.9592059
1619308679.9686954
1619308679.9707685
1619308679.977115
1619308679.9874332
1619308679.9910882
1619308679.99973
1619308680.0034037
1619308680.007242
1619308680.009519
1619308680.0209692
1619308680.028496
1619308680.0347152
1619308680.0369158
1619308680.0409396
1619308680.046987
1619308680.048857
1619308680.0512588
1619308680.0531876
1619308680.0552876
1619308680.057163
1619308680.0590608
1619308680.0610616
1619308680.0646281
1619308680.0664244
1619308680.0686736
1619308680.0703452
1619308680.072281
1619308680.0744317
1619308680.0768008
1619308680.0799913
1619308680.0827854
1619308680.0845175
1619308680.0867426
1619308680.0883768
1619308680.0913546
1619308680.0947435
1619308680.0991285
1619308680.100949
1619308680.1025584
1619308680.104544
1619308680.106488
1619308680.108522
1619308680.1103728
1619308680.1123102
1619308680.1142333
1619308680.1165786
1619308680.118868
1619308680.1207972
1619308680.122633
1619308680.1251156
1619308680.1286905
1619308680.1334229
1619308680.1354182
1619308680.1373782
1619308680.1396043
1619308680.1420107
1619308680.1439729
1619308680.1455276
1619308680.1475174
1619308680.1494277
1619308680.1514816
1619308680.1535196
1619308680.1549346
1619308680.1582901
1619308680.1623883
1619308680.1653204
1619308680.167772
1619308680.169546
1619308680.1714704
1619308680.1803362
1619308680.183132
1619308680.1910467
1619308680.1935492
1619308680.1953607
1619308680.2005687
1619308680.2085383
1619308680.2108438
1619308680.2127032
1619308680.2148623
1619308680.2235644
1619308680.2274153
1619308680.2315423
1619308680.2390292
1619308680.2411985
1619308680.2430248
1619308680.2549298
1619308680.2567837
1619308680.259009
1619308680.266857
1619308680.2705092
1619308680.2724154
1619308680.2744951
1619308680.2769868
1619308680.2823696
1619308680.2847636
1619308680.2871163
1619308680.2890296
1619308680.290655
1619308680.292907
1619308680.294705
1619308680.2964683
1619308680.2984226
1619308680.30035
1619308680.3018885
1619308680.304321
1619308680.3063405
1619308680.3095012
1619308680.3119612
1619308680.3136086
1619308680.3166618
1619308680.3185666
1619308680.3205166
1619308680.3224878
1619308680.3246744
1619308680.3277442
1619308680.3304348
1619308680.3323386
1619308680.3342469
1619308680.3369505
1619308680.3392892
1619308680.3419595
1619308680.3442507
1619308680.347434
1619308680.350083
1619308680.3525393
1619308680.3543823
1619308680.35633
1619308680.3591306
1619308680.3612936
1619308680.363196
1619308680.3651252
1619308680.366642
1619308680.3683774
1619308680.3710532
1619308680.3742766
1619308680.375935
1619308680.377948
1619308680.3793352
1619308680.3807194
1619308680.3828504
1619308680.3853638
1619308680.387201
1619308680.3894382
1619308680.3919983
1619308680.3939536
1619308680.3967493
1619308680.3985002
1619308680.4000387
1619308680.4014492
1619308680.403696
1619308680.4058092
1619308680.4076505
1619308680.409363
1619308680.4112537
1619308680.4129822
1619308680.4144197
1619308680.4161584
1619308680.4180784
1619308680.4195914
1619308680.4220674
1619308680.4249613
1619308680.4284043
1619308680.4445794
1619308680.4470963
1619308680.4592338
1619308680.46174
1619308680.4656394
1619308680.469526
1619308680.4715223
1619308680.4734452
1619308680.4757848
1619308680.477575
1619308680.4794395
1619308680.4835594
1619308680.485191
1619308680.4872441
1619308680.4890845
1619308680.4907622
1619308680.4925947
1619308680.4945288
1619308680.4965281
1619308680.4984272
1619308680.5003846
1619308680.502512
1619308680.5049145
1619308680.5086052
1619308680.5104923
1619308680.51223
1619308680.5136566
1619308680.5152497
1619308680.5171502
1619308680.51917
1619308680.5209846
1619308680.5229282
1619308680.5255141
1619308680.528675
1619308680.5309515
1619308680.5329115
1619308680.5360997
1619308680.5375886
1619308680.540179
1619308680.543621
1619308680.5453887
1619308680.5473926
1619308680.5488033
1619308680.5504653
1619308680.5522525
1619308680.5541675
1619308680.5561616
1619308680.558209
1619308680.560051
1619308680.5619943
1619308680.5639267
1619308680.5668526
1619308680.5684116
1619308680.570775
1619308680.5750504
1619308680.5771217
1619308680.5788903
1619308680.5802684
1619308680.5816996
1619308680.5834343
1619308680.5854142
1619308680.5873652
1619308680.5896409
1619308680.5914686
1619308680.6006482
1619308680.6025314
1619308680.6096997
1619308680.6123831
1619308680.631483
1619308680.6341424
1619308680.6387234
1619308680.6411667
1619308680.6450353
1619308680.650924
1619308680.6577914
1619308680.660281
1619308680.6627927
1619308680.6644475
1619308680.6718643
1619308680.6744711
1619308680.6801953
1619308680.6821039
1619308680.689064
1619308680.6915674
1619308680.7032974
1619308680.7052994
1619308680.707221
1619308680.7091298
1619308680.7124166
1619308680.7154236
1619308680.7193863
1619308680.7234213
1619308680.7364426
1619308680.7385156
1619308680.7416918
1619308680.7434397
1619308680.7454212
1619308680.7469013
1619308680.748309
1619308680.7538893
1619308680.7596326
1619308680.7670417
1619308680.7688766
1619308680.7707386
1619308680.7753618
1619308680.7837672
1619308680.791422
1619308680.7934237
1619308680.7949195
1619308680.800423
1619308680.8031695
1619308680.8074088
1619308680.8117383
1619308680.8254702
1619308680.8315184
1619308680.8367252
1619308680.841832
1619308680.843734
1619308680.8479664
1619308680.852365
1619308680.8619175
1619308680.8636172
1619308680.865596
1619308680.871946
1619308680.8780775
1619308680.880298
1619308680.8868382
1619308680.8890924
1619308680.8909419
1619308680.9076724
1619308680.9104254
1619308680.9124937
1619308680.9143586
1619308680.9192588
1619308680.921029
1619308680.9271505
1619308680.9294457
1619308680.9351635
1619308680.9376493
1619308680.9402485
1619308680.942062
1619308680.9434392
1619308680.9453776
1619308680.947457
1619308680.9495752
1619308680.9513242
1619308680.9532187
1619308680.9552112
1619308680.9591677
