1619308524.0846975
1619308524.0939949
1619308524.126713
1619308524.1599011
1619308524.1639693
1619308524.1676545
1619308524.1696212
1619308524.171881
1619308524.1793554
1619308524.186723
1619308524.1892264
1619308524.1910796
1619308524.1927686
1619308524.1949463
1619308524.207246
1619308524.210225
1619308524.2160072
1619308524.220676
1619308524.2226522
1619308524.2295916
1619308524.2329679
1619308524.2348225
1619308524.2365406
1619308524.23873
1619308524.2408893
1619308524.2431529
1619308524.2459435
1619308524.2531683
1619308524.2568388
1619308524.2654788
1619308524.27372
1619308524.275499
1619308524.2773154
1619308524.2873104
1619308524.2891653
1619308524.2970629
1619308524.3028705
1619308524.304879
1619308524.3067973
1619308524.313848
1619308524.3156586
1619308524.3195615
1619308524.323095
1619308524.3342416
1619308524.3402421
1619308524.3426754
1619308524.3512847
1619308524.3550107
1619308524.3601713
1619308524.362855
1619308524.3726687
1619308524.374606
1619308524.3762732
1619308524.3819766
1619308524.3840005
1619308524.388888
1619308524.3953564
1619308524.400337
1619308524.4035578
1619308524.4144232
1619308524.4364672
1619308524.4445527
1619308524.4552073
1619308524.4572613
1619308524.4596653
1619308524.4619548
1619308524.467908
1619308524.4749477
1619308524.4767723
1619308524.4795344
1619308524.485754
1619308524.4875615
1619308524.4949796
1619308524.4968517
1619308524.5017762
1619308524.5115678
1619308524.5205069
1619308524.5307202
1619308524.538666
1619308524.5417588
1619308524.5442863
1619308524.5512104
1619308524.5592408
1619308524.5619676
1619308524.5637972
1619308524.5696502
1619308524.5741944
1619308524.5759747
1619308524.5784793
1619308524.5806
1619308524.5863972
1619308524.5887551
1619308524.5975132
1619308524.5994995
1619308524.6009977
1619308524.6117067
1619308524.6211443
1619308524.6249824
1619308524.633132
1619308524.6424406
1619308524.644941
1619308524.6530287
1619308524.655024
1619308524.6594708
1619308524.663229
1619308524.6708808
1619308524.672735
1619308524.674311
1619308524.6803234
1619308524.6830175
1619308524.6849232
1619308524.6888704
1619308524.6943493
1619308524.6997132
1619308524.7117414
1619308524.714561
1619308524.7220774
1619308524.728076
1619308524.7319183
1619308524.7407637
1619308524.7436075
1619308524.750797
1619308524.7549717
1619308524.7569036
1619308524.7638767
1619308524.7656076
1619308524.7691383
1619308524.7748375
1619308524.7800715
1619308524.7827036
1619308524.7878458
1619308524.7928686
1619308524.7958417
1619308524.8007028
1619308524.8106174
1619308524.8134446
1619308524.8203726
1619308524.8254416
1619308524.8377619
1619308524.841249
1619308524.8441207
1619308524.852079
1619308524.8596807
1619308524.8620596
1619308524.870913
1619308524.8726497
1619308524.8745937
1619308524.8765438
1619308524.8823946
1619308524.884875
1619308524.890849
1619308524.8998613
1619308524.902321
1619308524.9116836
1619308524.9146674
1619308524.9298491
1619308524.9400864
1619308524.9426208
1619308524.944431
1619308524.9529088
1619308524.9553237
1619308524.9610412
1619308524.9789746
1619308524.9814413
1619308524.9831395
1619308524.989027
1619308524.990966
1619308524.9975646
1619308524.999487
1619308525.01179
1619308525.014472
1619308525.024988
1619308525.0401154
1619308525.0442998
1619308525.050069
1619308525.0538101
1619308525.0633588
1619308525.065519
1619308525.0694003
1619308525.0768962
1619308525.0788062
1619308525.082767
1619308525.0888243
1619308525.090856
1619308525.0932872
1619308525.0960546
1619308525.1019282
1619308525.1143646
1619308525.1165738
1619308525.127529
1619308525.1353917
1619308525.1377301
1619308525.1396348
1619308525.1456337
1619308525.147493
1619308525.1519716
1619308525.1558814
1619308525.167799
1619308525.1696043
1619308525.171634
1619308525.1735444
1619308525.1833293
1619308525.186279
1619308525.188104
1619308525.1901038
1619308525.192106
1619308525.194195
1619308525.202196
1619308525.2047465
1619308525.2118456
1619308525.2146912
1619308525.222266
1619308525.2288184
1619308525.2340229
1619308525.2365308
1619308525.2399101
1619308525.243929
1619308525.246099
1619308525.2487576
1619308525.2504287
1619308525.252594
1619308525.2552712
1619308525.2574732
1619308525.2617476
1619308525.2651293
1619308525.2691624
1619308525.2718854
1619308525.2751336
1619308525.2836726
1619308525.2857904
1619308525.2880013
1619308525.2909088
1619308525.2932084
1619308525.2957652
1619308525.2975516
1619308525.2996006
1619308525.3019977
1619308525.3042872
1619308525.305777
1619308525.3078218
1619308525.3093472
1619308525.313288
1619308525.3203359
1619308525.3280742
1619308525.3300931
1619308525.338726
1619308525.3406212
1619308525.3430257
1619308525.3449042
1619308525.346846
1619308525.3488088
1619308525.3511539
1619308525.3534634
1619308525.3556862
1619308525.3576226
1619308525.360687
1619308525.3645556
1619308525.3668647
1619308525.370983
1619308525.373945
1619308525.3757946
1619308525.377808
1619308525.3796628
1619308525.382261
1619308525.3864424
1619308525.388496
1619308525.3899417
1619308525.3913796
1619308525.3929772
1619308525.3946614
1619308525.3969681
1619308525.3997629
1619308525.4036324
1619308525.4064631
1619308525.4083903
1619308525.4104784
1619308525.4132288
1619308525.4161592
1619308525.4182837
1619308525.4206975
1619308525.4225647
1619308525.4246864
1619308525.4273946
1619308525.42943
1619308525.4310594
1619308525.4328232
1619308525.4345496
1619308525.4377396
1619308525.4397364
1619308525.4415991
1619308525.4435847
1619308525.445134
1619308525.447745
1619308525.4496858
1619308525.4519494
1619308525.4538765
1619308525.4558702
1619308525.4577713
1619308525.4593623
1619308525.4613283
1619308525.4640772
1619308525.4674845
1619308525.4694757
1619308525.4709618
1619308525.4732282
1619308525.4748828
1619308525.4770176
1619308525.4790552
1619308525.4807107
1619308525.4826412
1619308525.4845922
1619308525.486571
1619308525.488501
1619308525.4904196
1619308525.4919965
1619308525.4989169
1619308525.500734
1619308525.5026562
1619308525.5046122
1619308525.506615
1619308525.508452
1619308525.5110545
1619308525.5150065
1619308525.517557
1619308525.5253863
1619308525.5276914
1619308525.5309277
1619308525.5330036
1619308525.5364976
1619308525.5432198
1619308525.5565681
1619308525.5756578
1619308525.5774512
1619308525.5831378
1619308525.5857394
1619308525.591038
1619308525.6008396
1619308525.6028523
1619308525.6073139
1619308525.612986
1619308525.6195364
1619308525.621843
1619308525.6280208
1619308525.6356702
1619308525.6375258
1619308525.6507459
1619308525.6526346
1619308525.6545749
1619308525.6716285
1619308525.6737525
1619308525.6784294
1619308525.6903121
1619308525.6959274
1619308525.6975727
1619308525.7030344
1619308525.7049463
1619308525.7089233
1619308525.7147615
1619308525.7166338
1619308525.7225628
1619308525.7322054
1619308525.7408578
1619308525.7475495
1619308525.7499597
1619308525.7534308
1619308525.7635467
1619308525.7654593
1619308525.770056
1619308525.7718904
1619308525.776882
1619308525.7918823
1619308525.7947497
1619308525.8035936
1619308525.805966
1619308525.8111577
1619308525.812828
1619308525.8167577
1619308525.8217466
1619308525.8286233
1619308525.8316226
1619308525.8356378
1619308525.837241
1619308525.8471887
1619308525.8489246
1619308525.8511558
1619308525.852804
1619308525.8607125
1619308525.8680203
1619308525.8699338
1619308525.8748288
1619308525.8907886
1619308525.8942974
1619308525.9029982
1619308525.9068215
1619308525.9119997
1619308525.9176211
1619308525.9199955
1619308525.926297
1619308525.933809
1619308525.9361732
1619308525.9380002
1619308525.9557488
1619308525.957565
1619308525.9598134
1619308525.9666762
1619308525.9682703
1619308525.9698384
1619308525.9720657
1619308525.9742894
1619308525.9817505
1619308525.9849932
1619308525.986906
1619308525.9888191
1619308525.9911106
1619308525.9933798
1619308525.9957485
1619308525.9976475
1619308525.9996097
1619308526.001578
1619308526.0038831
1619308526.005486
1619308526.0076644
1619308526.0095835
1619308526.0130627
1619308526.0163023
1619308526.0187569
1619308526.0208044
1619308526.022663
1619308526.0250015
1619308526.027892
1619308526.031427
1619308526.0353296
1619308526.0390894
1619308526.0418317
1619308526.0440087
1619308526.0466738
1619308526.0485256
1619308526.05125
1619308526.0530212
1619308526.0549426
1619308526.056934
1619308526.058914
1619308526.0611746
1619308526.0627944
1619308526.0647383
1619308526.0667155
1619308526.068193
1619308526.0696495
1619308526.0721385
1619308526.0735798
1619308526.0756276
1619308526.0775163
1619308526.0796163
1619308526.0835495
1619308526.0859673
1619308526.0878932
1619308526.0898595
1619308526.0923414
1619308526.0947835
1619308526.0968132
1619308526.0996897
1619308526.101599
1619308526.1036239
1619308526.1054962
1619308526.1074302
1619308526.1096356
1619308526.112176
1619308526.1138465
1619308526.115838
1619308526.1177557
1619308526.12018
1619308526.1217365
1619308526.1236753
1619308526.12674
1619308526.1350358
1619308526.1373127
1619308526.1388166
1619308526.1403148
1619308526.141906
1619308526.1436515
1619308526.1451173
1619308526.151057
1619308526.1540139
1619308526.1559498
1619308526.1578877
1619308526.1601694
1619308526.1619353
1619308526.1637986
1619308526.1657808
1619308526.1678228
1619308526.1696923
1619308526.1716747
1619308526.1739917
1619308526.1757512
1619308526.1775193
1619308526.1795092
1619308526.180948
1619308526.1838067
1619308526.18586
1619308526.1879773
1619308526.189472
1619308526.1924095
1619308526.1952863
1619308526.1976905
1619308526.2002294
1619308526.202065
1619308526.2069447
1619308526.2097542
1619308526.2122235
1619308526.2158463
1619308526.2180307
1619308526.2196982
1619308526.2216592
1619308526.2236526
1619308526.2258415
1619308526.2298453
1619308526.2347145
1619308526.2395093
1619308526.241423
1619308526.2431836
1619308526.244732
1619308526.2486432
1619308526.2509341
1619308526.2534559
1619308526.255445
1619308526.2573402
1619308526.2595313
1619308526.2631552
1619308526.2651982
1619308526.267116
1619308526.2690432
1619308526.2710268
1619308526.2729652
1619308526.2749734
1619308526.2770412
1619308526.2796946
1619308526.2813249
1619308526.2837453
1619308526.2903988
1619308526.2925792
1619308526.2974691
1619308526.3071432
1619308526.3106506
1619308526.3189354
1619308526.320843
1619308526.3248434
1619308526.335254
1619308526.3379912
1619308526.3399024
1619308526.3458474
1619308526.3476856
1619308526.3496287
1619308526.3515892
1619308526.3535388
1619308526.3555233
1619308526.357835
1619308526.359458
1619308526.3608863
1619308526.3630302
1619308526.3650782
1619308526.367901
1619308526.3696835
1619308526.3717113
1619308526.3735895
1619308526.3777456
1619308526.3800974
1619308526.3829203
1619308526.3848464
1619308526.3868072
1619308526.3887088
1619308526.3910787
1619308526.3928223
1619308526.3949225
1619308526.3965962
1619308526.3984907
1619308526.3999755
1619308526.4022765
1619308526.4043226
1619308526.4072611
1619308526.411229
1619308526.4149623
1619308526.4167314
1619308526.4186862
1619308526.4211426
1619308526.4248354
1619308526.4277518
1619308526.4298618
1619308526.4317153
1619308526.4336362
1619308526.435188
1619308526.4365888
1619308526.438306
1619308526.4410264
1619308526.4434574
1619308526.4458282
1619308526.4473557
1619308526.4492483
1619308526.4507875
1619308526.4526997
1619308526.4546928
1619308526.4570208
1619308526.4586759
1619308526.4606936
1619308526.46277
1619308526.4644387
1619308526.466246
1619308526.469429
1619308526.4725552
1619308526.4749768
1619308526.4767728
1619308526.4782922
1619308526.4814777
1619308526.4835315
1619308526.4854631
1619308526.4873981
1619308526.4893298
1619308526.4908292
1619308526.492992
1619308526.4950376
1619308526.496666
1619308526.498595
1619308526.5005686
1619308526.5030792
1619308526.5065122
1619308526.508467
1619308526.511417
1619308526.513654
1619308526.5159757
1619308526.517707
1619308526.5196235
1619308526.5215697
1619308526.5239284
1619308526.5262058
1619308526.5279171
1619308526.5302172
1619308526.5339513
1619308526.5359209
1619308526.537719
1619308526.5393748
1619308526.5408885
1619308526.5425205
1619308526.5441475
1619308526.5464745
1619308526.548474
1619308526.551445
1619308526.5533466
1619308526.5553057
1619308526.5576036
1619308526.5594418
1619308526.5616
1619308526.5640948
1619308526.5660317
1619308526.5690038
1619308526.5710168
1619308526.572397
1619308526.5743585
1619308526.5768256
1619308526.5787034
1619308526.5801957
1619308526.5816216
1619308526.5835783
1619308526.585527
1619308526.5874937
1619308526.5892615
1619308526.5912063
1619308526.594763
1619308526.6028984
1619308526.6046455
1619308526.606531
1619308526.6079273
1619308526.6097336
1619308526.6116464
1619308526.6138055
1619308526.6188722
1619308526.6207378
1619308526.6226783
1619308526.6249676
1619308526.6273062
1619308526.6296723
1619308526.6333468
1619308526.634922
1619308526.6368299
1619308526.6387851
1619308526.640286
1619308526.6419325
1619308526.6442356
1619308526.6466868
1619308526.648542
1619308526.6500275
1619308526.6514964
1619308526.6534376
1619308526.6553924
1619308526.657571
1619308526.6595323
1619308526.6624079
1619308526.6677315
1619308526.6695688
1619308526.6709447
1619308526.6723924
1619308526.6738021
1619308526.676095
1619308526.6785853
1619308526.680882
1619308526.68692
1619308526.6889267
1619308526.6905456
1619308526.6927526
1619308526.6947303
1619308526.6974828
1619308526.6988962
1619308526.7008338
1619308526.702793
1619308526.7047544
1619308526.7066765
1619308526.7081904
1619308526.709614
1619308526.7116845
1619308526.7135453
1619308526.7155035
1619308526.717444
1619308526.719376
1619308526.721238
1619308526.722824
1619308526.725591
1619308526.728521
1619308526.7357035
1619308526.7372942
1619308526.7387187
1619308526.7401135
1619308526.7417305
1619308526.7439458
1619308526.7454963
1619308526.7487116
1619308526.7557034
1619308526.7584162
1619308526.7601933
1619308526.762741
1619308526.764733
1619308526.7671242
1619308526.7698438
1619308526.7716663
1619308526.7736173
1619308526.7758353
1619308526.7775357
1619308526.7798917
1619308526.7819128
1619308526.7838795
1619308526.78582
1619308526.787791
1619308526.7910962
1619308526.7927618
1619308526.7944596
1619308526.796211
1619308526.7985861
1619308526.8010323
1619308526.8029392
1619308526.8049486
1619308526.8066921
1619308526.8084116
1619308526.810401
1619308526.813348
1619308526.8176925
1619308526.82041
1619308526.8224373
1619308526.8259668
1619308526.8292696
1619308526.8315866
1619308526.8337648
1619308526.8358948
1619308526.8375905
1619308526.8397233
1619308526.841745
1619308526.8434951
1619308526.8454185
1619308526.847365
1619308526.8493328
1619308526.8516297
1619308526.8532825
1619308526.8547351
1619308526.8587708
1619308526.8648071
1619308526.8752475
1619308526.8796303
1619308526.8904014
1619308526.893078
1619308526.898834
1619308526.9006515
1619308526.906544
1619308526.9110398
1619308526.9128852
1619308526.9210002
1619308526.9226182
1619308526.9245129
1619308526.9266055
1619308526.928048
1619308526.935222
1619308526.9368174
1619308526.9408033
1619308526.9480593
1619308526.9554505
1619308526.9578853
1619308526.9598064
1619308526.9656796
1619308526.967655
1619308526.9721904
1619308526.9740405
1619308526.9804773
1619308526.9823053
1619308526.9899595
1619308526.992668
1619308526.9974706
1619308527.013686
1619308527.0232794
1619308527.0259652
1619308527.0329175
1619308527.0396757
1619308527.0418777
1619308527.044823
1619308527.0509934
1619308527.0566444
1619308527.0623279
1619308527.0709758
1619308527.0726354
1619308527.0797272
1619308527.0819123
1619308527.0838165
1619308527.0887432
1619308527.0995347
1619308527.102301
1619308527.1051607
1619308527.106787
1619308527.110685
1619308527.1146631
1619308527.1210837
1619308527.1229355
1619308527.13688
1619308527.1435974
1619308527.1551619
1619308527.1576226
1619308527.1632257
1619308527.1649587
1619308527.1679723
1619308527.169778
1619308527.1717427
1619308527.1739259
1619308527.177047
1619308527.1799786
1619308527.1824877
1619308527.1844563
1619308527.1863964
1619308527.187912
1619308527.1893005
1619308527.1912646
1619308527.1927853
1619308527.1947126
1619308527.1966512
1619308527.1994646
1619308527.201868
1619308527.2034583
1619308527.2054315
1619308527.2076461
1619308527.2095535
1619308527.2118375
1619308527.2137814
1619308527.2157156
1619308527.2176435
1619308527.2195976
1619308527.2215478
1619308527.2248223
1619308527.2293801
1619308527.2391145
1619308527.2426693
1619308527.2467563
1619308527.2488627
1619308527.2566562
1619308527.2636724
1619308527.2656102
1619308527.2720833
1619308527.2739284
1619308527.2811084
1619308527.2836657
1619308527.2886007
1619308527.2900116
1619308527.2921324
1619308527.2939603
1619308527.3031337
1619308527.3046787
1619308527.3109605
1619308527.3124654
1619308527.3193715
1619308527.3218157
1619308527.3237278
1619308527.3299098
1619308527.3317666
1619308527.3376713
1619308527.3393328
1619308527.3408988
1619308527.344809
1619308527.349621
1619308527.3565433
1619308527.3670068
1619308527.368702
1619308527.3717105
1619308527.3735316
1619308527.3757436
1619308527.3774655
1619308527.386967
1619308527.3886502
1619308527.3906388
1619308527.3977132
1619308527.3994176
1619308527.4008863
1619308527.4048264
1619308527.4068232
1619308527.4090364
1619308527.4118755
1619308527.4139078
1619308527.416787
1619308527.4184847
1619308527.4199257
1619308527.4222424
1619308527.4256513
1619308527.4279807
1619308527.4296994
1619308527.4316792
1619308527.4336038
1619308527.4356942
1619308527.4377632
1619308527.4396284
1619308527.4416797
1619308527.4442184
1619308527.4469411
1619308527.4492671
1619308527.4510746
1619308527.4531386
1619308527.4563875
1619308527.458129
1619308527.4603248
1619308527.4627976
1619308527.4644396
1619308527.4667938
1619308527.4687085
1619308527.4702253
1619308527.4716728
1619308527.4736052
1619308527.4756207
1619308527.477794
1619308527.479593
1619308527.4814684
1619308527.4834259
1619308527.4853666
1619308527.4879372
1619308527.4898274
1619308527.4919982
1619308527.4942899
1619308527.498869
1619308527.5009537
1619308527.5047555
1619308527.5068498
1619308527.5091548
1619308527.512057
1619308527.5143163
1619308527.516846
1619308527.5196204
1619308527.521285
1619308527.5227103
1619308527.5247953
1619308527.5269802
1619308527.5288198
1619308527.530539
1619308527.5325131
1619308527.5383143
1619308527.5449047
1619308527.5576072
1619308527.5595365
1619308527.5610228
1619308527.5649772
1619308527.5711796
1619308527.5728292
1619308527.5749836
1619308527.576914
1619308527.5819955
1619308527.585675
1619308527.590019
1619308527.595364
1619308527.5973482
1619308527.6017966
1619308527.6037095
1619308527.6056466
1619308527.6076958
1619308527.6098828
1619308527.6115634
1619308527.614596
1619308527.6169353
1619308527.6189504
1619308527.6209269
1619308527.6227608
1619308527.625371
1619308527.6283286
